5.2941 5.0000 5.2840 5.0761 0
5.2840 5.0761 5.2547 5.1470 0
5.2547 5.1470 5.2079 5.2079 0
5.2079 5.2079 5.1470 5.2547 0
5.1470 5.2547 5.0761 5.2840 0
5.0761 5.2840 5.0000 5.2941 0
5.0000 5.2941 4.9239 5.2840 0
4.9239 5.2840 4.8530 5.2547 0
4.8530 5.2547 4.7921 5.2079 0
4.7921 5.2079 4.7453 5.1470 0
4.7453 5.1470 4.7160 5.0761 0
4.7160 5.0761 4.7059 5.0000 0
4.7059 5.0000 4.7160 4.9239 0
4.7160 4.9239 4.7453 4.8530 0
4.7453 4.8530 4.7921 4.7921 0
4.7921 4.7921 4.8530 4.7453 0
4.8530 4.7453 4.9239 4.7160 0
4.9239 4.7160 5.0000 4.7059 0
5.0000 4.7059 5.0761 4.7160 0
5.0761 4.7160 5.1470 4.7453 0
5.1470 4.7453 5.2079 4.7921 0
5.2079 4.7921 5.2547 4.8530 0
5.2547 4.8530 5.2840 4.9239 0
5.2840 4.9239 5.2941 5.0000 0
|
5.8709 5.0000 5.8412 5.2254 22
5.8412 5.2254 5.7542 5.4354 22
5.7542 5.4354 5.6158 5.6158 22
5.6158 5.6158 5.4354 5.7542 22
5.4354 5.7542 5.2254 5.8412 22
5.2254 5.8412 5.0000 5.8709 22
5.0000 5.8709 4.7746 5.8412 22
4.7746 5.8412 4.5646 5.7542 22
4.5646 5.7542 4.3842 5.6158 22
4.3842 5.6158 4.2458 5.4354 22
4.2458 5.4354 4.1588 5.2254 22
4.1588 5.2254 4.1291 5.0000 22
4.1291 5.0000 4.1588 4.7746 22
4.1588 4.7746 4.2458 4.5646 22
4.2458 4.5646 4.3842 4.3842 22
4.3842 4.3842 4.5646 4.2458 22
4.5646 4.2458 4.7746 4.1588 22
4.7746 4.1588 5.0000 4.1291 22
5.0000 4.1291 5.2254 4.1588 22
5.2254 4.1588 5.4354 4.2458 22
5.4354 4.2458 5.6158 4.3842 22
5.6158 4.3842 5.7542 4.5646 22
5.7542 4.5646 5.8412 4.7746 22
5.8412 4.7746 5.8709 5.0000 22
|
6.4142 5.0000 6.3660 5.3660 45
6.3660 5.3660 6.2247 5.7071 45
6.2247 5.7071 6.0000 6.0000 45
6.0000 6.0000 5.7071 6.2247 45
5.7071 6.2247 5.3660 6.3660 45
5.3660 6.3660 5.0000 6.4142 45
5.0000 6.4142 4.6340 6.3660 45
4.6340 6.3660 4.2929 6.2247 45
4.2929 6.2247 4.0000 6.0000 45
4.0000 6.0000 3.7753 5.7071 45
3.7753 5.7071 3.6340 5.3660 45
3.6340 5.3660 3.5858 5.0000 45
3.5858 5.0000 3.6340 4.6340 45
3.6340 4.6340 3.7753 4.2929 45
3.7753 4.2929 4.0000 4.0000 45
4.0000 4.0000 4.2929 3.7753 45
4.2929 3.7753 4.6340 3.6340 45
4.6340 3.6340 5.0000 3.5858 45
5.0000 3.5858 5.3660 3.6340 45
5.3660 3.6340 5.7071 3.7753 45
5.7071 3.7753 6.0000 4.0000 45
6.0000 4.0000 6.2247 4.2929 45
6.2247 4.2929 6.3660 4.6340 45
6.3660 4.6340 6.4142 5.0000 45
|
6.9032 5.0000 6.8383 5.4926 67
6.8383 5.4926 6.6482 5.9516 67
6.6482 5.9516 6.3458 6.3458 67
6.3458 6.3458 5.9516 6.6482 67
5.9516 6.6482 5.4926 6.8383 67
5.4926 6.8383 5.0000 6.9032 67
5.0000 6.9032 4.5074 6.8383 67
4.5074 6.8383 4.0484 6.6482 67
4.0484 6.6482 3.6542 6.3458 67
3.6542 6.3458 3.3518 5.9516 67
3.3518 5.9516 3.1617 5.4926 67
3.1617 5.4926 3.0968 5.0000 67
3.0968 5.0000 3.1617 4.5074 67
3.1617 4.5074 3.3518 4.0484 67
3.3518 4.0484 3.6542 3.6542 67
3.6542 3.6542 4.0484 3.3518 67
4.0484 3.3518 4.5074 3.1617 67
4.5074 3.1617 5.0000 3.0968 67
5.0000 3.0968 5.4926 3.1617 67
5.4926 3.1617 5.9516 3.3518 67
5.9516 3.3518 6.3458 3.6542 67
6.3458 3.6542 6.6482 4.0484 67
6.6482 4.0484 6.8383 4.5074 67
6.8383 4.5074 6.9032 5.0000 67
|
7.3190 5.0000 7.2400 5.6002 90
7.2400 5.6002 7.0083 6.1595 90
7.0083 6.1595 6.6398 6.6398 90
6.6398 6.6398 6.1595 7.0083 90
6.1595 7.0083 5.6002 7.2400 90
5.6002 7.2400 5.0000 7.3190 90
5.0000 7.3190 4.3998 7.2400 90
4.3998 7.2400 3.8405 7.0083 90
3.8405 7.0083 3.3602 6.6398 90
3.3602 6.6398 2.9917 6.1595 90
2.9917 6.1595 2.7600 5.6002 90
2.7600 5.6002 2.6810 5.0000 90
2.6810 5.0000 2.7600 4.3998 90
2.7600 4.3998 2.9917 3.8405 90
2.9917 3.8405 3.3602 3.3602 90
3.3602 3.3602 3.8405 2.9917 90
3.8405 2.9917 4.3998 2.7600 90
4.3998 2.7600 5.0000 2.6810 90
5.0000 2.6810 5.6002 2.7600 90
5.6002 2.7600 6.1595 2.9917 90
6.1595 2.9917 6.6398 3.3602 90
6.6398 3.3602 7.0083 3.8405 90
7.0083 3.8405 7.2400 4.3998 90
7.2400 4.3998 7.3190 5.0000 90
|
7.6458 5.0000 7.5556 5.6848 112
7.5556 5.6848 7.2913 6.3229 112
7.2913 6.3229 6.8708 6.8708 112
6.8708 6.8708 6.3229 7.2913 112
6.3229 7.2913 5.6848 7.5556 112
5.6848 7.5556 5.0000 7.6458 112
5.0000 7.6458 4.3152 7.5556 112
4.3152 7.5556 3.6771 7.2913 112
3.6771 7.2913 3.1292 6.8708 112
3.1292 6.8708 2.7087 6.3229 112
2.7087 6.3229 2.4444 5.6848 112
2.4444 5.6848 2.3542 5.0000 112
2.3542 5.0000 2.4444 4.3152 112
2.4444 4.3152 2.7087 3.6771 112
2.7087 3.6771 3.1292 3.1292 112
3.1292 3.1292 3.6771 2.7087 112
3.6771 2.7087 4.3152 2.4444 112
4.3152 2.4444 5.0000 2.3542 112
5.0000 2.3542 5.6848 2.4444 112
5.6848 2.4444 6.3229 2.7087 112
6.3229 2.7087 6.8708 3.1292 112
6.8708 3.1292 7.2913 3.6771 112
7.2913 3.6771 7.5556 4.3152 112
7.5556 4.3152 7.6458 5.0000 112
|
7.8708 5.0000 7.7730 5.7430 135
7.7730 5.7430 7.4862 6.4354 135
7.4862 6.4354 7.0300 7.0300 135
7.0300 7.0300 6.4354 7.4862 135
6.4354 7.4862 5.7430 7.7730 135
5.7430 7.7730 5.0000 7.8708 135
5.0000 7.8708 4.2570 7.7730 135
4.2570 7.7730 3.5646 7.4862 135
3.5646 7.4862 2.9700 7.0300 135
2.9700 7.0300 2.5138 6.4354 135
2.5138 6.4354 2.2270 5.7430 135
2.2270 5.7430 2.1292 5.0000 135
2.1292 5.0000 2.2270 4.2570 135
2.2270 4.2570 2.5138 3.5646 135
2.5138 3.5646 2.9700 2.9700 135
2.9700 2.9700 3.5646 2.5138 135
3.5646 2.5138 4.2570 2.2270 135
4.2570 2.2270 5.0000 2.1292 135
5.0000 2.1292 5.7430 2.2270 135
5.7430 2.2270 6.4354 2.5138 135
6.4354 2.5138 7.0300 2.9700 135
7.0300 2.9700 7.4862 3.5646 135
7.4862 3.5646 7.7730 4.2570 135
7.7730 4.2570 7.8708 5.0000 135
|
7.9856 5.0000 7.8838 5.7727 157
7.8838 5.7727 7.5856 6.4928 157
7.5856 6.4928 7.1111 7.1111 157
7.1111 7.1111 6.4928 7.5856 157
6.4928 7.5856 5.7727 7.8838 157
5.7727 7.8838 5.0000 7.9856 157
5.0000 7.9856 4.2273 7.8838 157
4.2273 7.8838 3.5072 7.5856 157
3.5072 7.5856 2.8889 7.1111 157
2.8889 7.1111 2.4144 6.4928 157
2.4144 6.4928 2.1162 5.7727 157
2.1162 5.7727 2.0144 5.0000 157
2.0144 5.0000 2.1162 4.2273 157
2.1162 4.2273 2.4144 3.5072 157
2.4144 3.5072 2.8889 2.8889 157
2.8889 2.8889 3.5072 2.4144 157
3.5072 2.4144 4.2273 2.1162 157
4.2273 2.1162 5.0000 2.0144 157
5.0000 2.0144 5.7727 2.1162 157
5.7727 2.1162 6.4928 2.4144 157
6.4928 2.4144 7.1111 2.8889 157
7.1111 2.8889 7.5856 3.5072 157
7.5856 3.5072 7.8838 4.2273 157
7.8838 4.2273 7.9856 5.0000 157
|
7.9856 5.0000 7.8838 5.7727 180
7.8838 5.7727 7.5856 6.4928 180
7.5856 6.4928 7.1111 7.1111 180
7.1111 7.1111 6.4928 7.5856 180
6.4928 7.5856 5.7727 7.8838 180
5.7727 7.8838 5.0000 7.9856 180
5.0000 7.9856 4.2273 7.8838 180
4.2273 7.8838 3.5072 7.5856 180
3.5072 7.5856 2.8889 7.1111 180
2.8889 7.1111 2.4144 6.4928 180
2.4144 6.4928 2.1162 5.7727 180
2.1162 5.7727 2.0144 5.0000 180
2.0144 5.0000 2.1162 4.2273 180
2.1162 4.2273 2.4144 3.5072 180
2.4144 3.5072 2.8889 2.8889 180
2.8889 2.8889 3.5072 2.4144 180
3.5072 2.4144 4.2273 2.1162 180
4.2273 2.1162 5.0000 2.0144 180
5.0000 2.0144 5.7727 2.1162 180
5.7727 2.1162 6.4928 2.4144 180
6.4928 2.4144 7.1111 2.8889 180
7.1111 2.8889 7.5856 3.5072 180
7.5856 3.5072 7.8838 4.2273 180
7.8838 4.2273 7.9856 5.0000 180
|
7.8708 5.0000 7.7730 5.7430 202
7.7730 5.7430 7.4862 6.4354 202
7.4862 6.4354 7.0300 7.0300 202
7.0300 7.0300 6.4354 7.4862 202
6.4354 7.4862 5.7430 7.7730 202
5.7430 7.7730 5.0000 7.8708 202
5.0000 7.8708 4.2570 7.7730 202
4.2570 7.7730 3.5646 7.4862 202
3.5646 7.4862 2.9700 7.0300 202
2.9700 7.0300 2.5138 6.4354 202
2.5138 6.4354 2.2270 5.7430 202
2.2270 5.7430 2.1292 5.0000 202
2.1292 5.0000 2.2270 4.2570 202
2.2270 4.2570 2.5138 3.5646 202
2.5138 3.5646 2.9700 2.9700 202
2.9700 2.9700 3.5646 2.5138 202
3.5646 2.5138 4.2570 2.2270 202
4.2570 2.2270 5.0000 2.1292 202
5.0000 2.1292 5.7430 2.2270 202
5.7430 2.2270 6.4354 2.5138 202
6.4354 2.5138 7.0300 2.9700 202
7.0300 2.9700 7.4862 3.5646 202
7.4862 3.5646 7.7730 4.2570 202
7.7730 4.2570 7.8708 5.0000 202
|
7.6458 5.0000 7.5556 5.6848 225
7.5556 5.6848 7.2913 6.3229 225
7.2913 6.3229 6.8708 6.8708 225
6.8708 6.8708 6.3229 7.2913 225
6.3229 7.2913 5.6848 7.5556 225
5.6848 7.5556 5.0000 7.6458 225
5.0000 7.6458 4.3152 7.5556 225
4.3152 7.5556 3.6771 7.2913 225
3.6771 7.2913 3.1292 6.8708 225
3.1292 6.8708 2.7087 6.3229 225
2.7087 6.3229 2.4444 5.6848 225
2.4444 5.6848 2.3542 5.0000 225
2.3542 5.0000 2.4444 4.3152 225
2.4444 4.3152 2.7087 3.6771 225
2.7087 3.6771 3.1292 3.1292 225
3.1292 3.1292 3.6771 2.7087 225
3.6771 2.7087 4.3152 2.4444 225
4.3152 2.4444 5.0000 2.3542 225
5.0000 2.3542 5.6848 2.4444 225
5.6848 2.4444 6.3229 2.7087 225
6.3229 2.7087 6.8708 3.1292 225
6.8708 3.1292 7.2913 3.6771 225
7.2913 3.6771 7.5556 4.3152 225
7.5556 4.3152 7.6458 5.0000 225
|
7.3190 5.0000 7.2400 5.6002 247
7.2400 5.6002 7.0083 6.1595 247
7.0083 6.1595 6.6398 6.6398 247
6.6398 6.6398 6.1595 7.0083 247
6.1595 7.0083 5.6002 7.2400 247
5.6002 7.2400 5.0000 7.3190 247
5.0000 7.3190 4.3998 7.2400 247
4.3998 7.2400 3.8405 7.0083 247
3.8405 7.0083 3.3602 6.6398 247
3.3602 6.6398 2.9917 6.1595 247
2.9917 6.1595 2.7600 5.6002 247
2.7600 5.6002 2.6810 5.0000 247
2.6810 5.0000 2.7600 4.3998 247
2.7600 4.3998 2.9917 3.8405 247
2.9917 3.8405 3.3602 3.3602 247
3.3602 3.3602 3.8405 2.9917 247
3.8405 2.9917 4.3998 2.7600 247
4.3998 2.7600 5.0000 2.6810 247
5.0000 2.6810 5.6002 2.7600 247
5.6002 2.7600 6.1595 2.9917 247
6.1595 2.9917 6.6398 3.3602 247
6.6398 3.3602 7.0083 3.8405 247
7.0083 3.8405 7.2400 4.3998 247
7.2400 4.3998 7.3190 5.0000 247
|
6.9032 5.0000 6.8383 5.4926 270
6.8383 5.4926 6.6482 5.9516 270
6.6482 5.9516 6.3458 6.3458 270
6.3458 6.3458 5.9516 6.6482 270
5.9516 6.6482 5.4926 6.8383 270
5.4926 6.8383 5.0000 6.9032 270
5.0000 6.9032 4.5074 6.8383 270
4.5074 6.8383 4.0484 6.6482 270
4.0484 6.6482 3.6542 6.3458 270
3.6542 6.3458 3.3518 5.9516 270
3.3518 5.9516 3.1617 5.4926 270
3.1617 5.4926 3.0968 5.0000 270
3.0968 5.0000 3.1617 4.5074 270
3.1617 4.5074 3.3518 4.0484 270
3.3518 4.0484 3.6542 3.6542 270
3.6542 3.6542 4.0484 3.3518 270
4.0484 3.3518 4.5074 3.1617 270
4.5074 3.1617 5.0000 3.0968 270
5.0000 3.0968 5.4926 3.1617 270
5.4926 3.1617 5.9516 3.3518 270
5.9516 3.3518 6.3458 3.6542 270
6.3458 3.6542 6.6482 4.0484 270
6.6482 4.0484 6.8383 4.5074 270
6.8383 4.5074 6.9032 5.0000 270
|
6.4142 5.0000 6.3660 5.3660 292
6.3660 5.3660 6.2247 5.7071 292
6.2247 5.7071 6.0000 6.0000 292
6.0000 6.0000 5.7071 6.2247 292
5.7071 6.2247 5.3660 6.3660 292
5.3660 6.3660 5.0000 6.4142 292
5.0000 6.4142 4.6340 6.3660 292
4.6340 6.3660 4.2929 6.2247 292
4.2929 6.2247 4.0000 6.0000 292
4.0000 6.0000 3.7753 5.7071 292
3.7753 5.7071 3.6340 5.3660 292
3.6340 5.3660 3.5858 5.0000 292
3.5858 5.0000 3.6340 4.6340 292
3.6340 4.6340 3.7753 4.2929 292
3.7753 4.2929 4.0000 4.0000 292
4.0000 4.0000 4.2929 3.7753 292
4.2929 3.7753 4.6340 3.6340 292
4.6340 3.6340 5.0000 3.5858 292
5.0000 3.5858 5.3660 3.6340 292
5.3660 3.6340 5.7071 3.7753 292
5.7071 3.7753 6.0000 4.0000 292
6.0000 4.0000 6.2247 4.2929 292
6.2247 4.2929 6.3660 4.6340 292
6.3660 4.6340 6.4142 5.0000 292
|
5.8709 5.0000 5.8412 5.2254 315
5.8412 5.2254 5.7542 5.4354 315
5.7542 5.4354 5.6158 5.6158 315
5.6158 5.6158 5.4354 5.7542 315
5.4354 5.7542 5.2254 5.8412 315
5.2254 5.8412 5.0000 5.8709 315
5.0000 5.8709 4.7746 5.8412 315
4.7746 5.8412 4.5646 5.7542 315
4.5646 5.7542 4.3842 5.6158 315
4.3842 5.6158 4.2458 5.4354 315
4.2458 5.4354 4.1588 5.2254 315
4.1588 5.2254 4.1291 5.0000 315
4.1291 5.0000 4.1588 4.7746 315
4.1588 4.7746 4.2458 4.5646 315
4.2458 4.5646 4.3842 4.3842 315
4.3842 4.3842 4.5646 4.2458 315
4.5646 4.2458 4.7746 4.1588 315
4.7746 4.1588 5.0000 4.1291 315
5.0000 4.1291 5.2254 4.1588 315
5.2254 4.1588 5.4354 4.2458 315
5.4354 4.2458 5.6158 4.3842 315
5.6158 4.3842 5.7542 4.5646 315
5.7542 4.5646 5.8412 4.7746 315
5.8412 4.7746 5.8709 5.0000 315
|
5.2941 5.0000 5.2840 5.0761 337
5.2840 5.0761 5.2547 5.1470 337
5.2547 5.1470 5.2079 5.2079 337
5.2079 5.2079 5.1470 5.2547 337
5.1470 5.2547 5.0761 5.2840 337
5.0761 5.2840 5.0000 5.2941 337
5.0000 5.2941 4.9239 5.2840 337
4.9239 5.2840 4.8530 5.2547 337
4.8530 5.2547 4.7921 5.2079 337
4.7921 5.2079 4.7453 5.1470 337
4.7453 5.1470 4.7160 5.0761 337
4.7160 5.0761 4.7059 5.0000 337
4.7059 5.0000 4.7160 4.9239 337
4.7160 4.9239 4.7453 4.8530 337
4.7453 4.8530 4.7921 4.7921 337
4.7921 4.7921 4.8530 4.7453 337
4.8530 4.7453 4.9239 4.7160 337
4.9239 4.7160 5.0000 4.7059 337
5.0000 4.7059 5.0761 4.7160 337
5.0761 4.7160 5.1470 4.7453 337
5.1470 4.7453 5.2079 4.7921 337
5.2079 4.7921 5.2547 4.8530 337
5.2547 4.8530 5.2840 4.9239 337
5.2840 4.9239 5.2941 5.0000 337